0	400	400
1	400	400
2	400	400
3	400	400
4	400	400
5	400	400
6	400	400
7	400	400
8	400	400
9	400	400
10	400	400
11	400	400
12	400	400
13	400	400
14	400	400
15	400	400
16	400	400
17	400	400
18	400	400
19	400	400
20	400	400
21	400	400
22	400	400
23	400	400
24	400	400
25	400	400
26	400	400
27	400	400
28	400	400
29	400	400
30	400	400
31	400	400
32	400	400
33	400	400
34	400	400
35	400	400
36	400	400
37	400	400
38	400	400
39	400	400
40	400	400
41	400	400
42	400	400
43	400	400
44	400	400
45	400	400
46	400	400
47	400	400
48	400	400
49	400	400
50	400	400
51	400	400
52	400	400
53	400	400
54	400	400
55	400	400
56	400	400
57	400	400
58	400	400
59	400	400
60	400	400
61	400	400
62	400	400
63	400	400
64	400	400
65	400	400
66	400	400
67	400	400
68	400	400
69	400	400
70	400	400
71	400	400
72	400	400
73	400	400
74	400	400
75	400	400
76	400	400
77	400	400
78	400	400
79	400	400
80	400	400
81	400	400
82	400	400
83	400	400
84	400	400
85	400	400
86	400	400
87	400	400
88	400	400
89	400	400
90	400	400
91	400	400
92	400	400
93	400	400
94	400	400
95	400	400
96	400	400
97	400	400
98	400	400
99	400	400
100	400	400
101	400	400
102	400	400
103	400	400
104	400	400
105	400	400
106	400	400
107	400	400
108	400	400
109	400	400
110	400	400
111	400	400
112	400	400
113	400	400
114	400	400
115	400	400
116	400	400
117	400	400
118	400	400
119	400	400
120	400	400
121	400	400
122	400	400
123	400	400
124	400	400
125	400	400
126	400	400
127	400	400
128	400	400
129	400	400
130	400	400
131	400	400
132	400	400
133	400	400
134	400	400
135	400	400
136	400	400
137	400	400
138	400	400
139	400	400
140	400	400
141	400	400
142	400	400
143	400	400
144	400	400
145	400	400
146	400	400
147	400	400
148	400	400
149	400	400
150	400	400
151	400	400
152	400	400
153	400	400
154	400	400
155	400	400
156	400	400
157	400	400
158	400	400
159	400	400
160	400	400
161	400	400
162	400	400
163	400	400
164	400	400
165	400	400
166	400	400
167	400	400
168	400	400
169	400	400
170	400	400
171	400	400
172	400	400
173	400	400
174	400	400
175	400	400
176	400	400
177	400	400
178	400	400
179	400	400
180	400	400
181	400	400
182	400	400
183	400	400
184	400	400
185	400	400
186	400	400
187	400	400
188	400	400
189	400	400
190	400	400
191	400	400
192	400	400
193	400	400
194	400	400
195	400	400
196	400	400
197	400	400
198	400	400
199	400	400
200	400	400
201	400	400
202	400	400
203	400	400
204	400	400
205	400	400
206	400	400
207	400	400
208	400	400
209	400	400
210	400	400
211	400	400
212	400	400
213	400	400
214	400	400
215	400	400
216	400	400
217	400	400
218	400	400
219	400	400
220	400	400
221	400	400
222	400	400
223	400	400
224	400	400
225	400	400
226	400	400
227	400	400
228	400	400
229	400	400
230	400	400
231	400	400
232	400	400
233	400	400
234	400	400
235	400	400
236	400	400
237	400	400
238	400	400
239	400	400
240	400	400
241	400	400
242	400	400
243	400	400
244	400	400
245	400	400
246	400	400
247	400	400
248	400	400
249	400	400
250	400	400
251	400	400
252	400	400
253	400	400
254	400	400
255	400	400
256	400	400
257	400	400
258	400	400
259	400	400
260	400	400
261	400	400
262	400	400
263	400	400
264	400	400
265	400	400
266	400	400
267	400	400
268	400	400
269	400	400
270	400	400
271	400	400
272	400	400
273	400	400
274	400	400
275	400	400
276	400	400
277	400	400
278	400	400
279	400	400
280	400	400
281	400	400
282	400	400
283	400	400
284	400	400
285	400	400
286	400	400
287	400	400
288	400	400
289	400	400
290	400	400
291	400	400
292	400	400
293	400	400
294	400	400
295	400	400
296	400	400
297	400	400
298	400	400
299	400	400
300	400	400
301	400	400
302	400	400
303	400	400
304	400	400
305	400	400
306	400	400
307	400	400
308	400	400
309	400	400
310	400	400
311	400	400
312	400	400
313	400	400
314	400	400
315	400	400
316	400	400
317	400	400
318	400	400
319	400	400
320	400	400
321	400	400
322	400	400
323	400	400
324	400	400
325	400	400
326	400	400
327	400	400
328	400	400
329	400	400
330	400	400
331	400	400
332	400	400
333	400	400
334	400	400
335	400	400
336	400	400
337	400	400
338	400	400
339	400	400
340	400	400
341	400	400
342	400	400
343	400	400
344	400	400
345	400	400
346	400	400
347	400	400
348	400	400
349	400	400
350	400	400
351	400	400
352	400	400
353	400	400
354	400	400
355	400	400
356	400	400
357	400	400
358	400	400
359	400	400
360	400	400
361	400	400
362	400	400
363	400	400
364	400	400
365	400	400
366	400	400
367	400	400
368	400	400
369	400	400
370	400	400
371	400	400
372	400	400
373	400	400
374	400	400
375	400	400
376	400	400
377	400	400
378	400	400
379	400	400
380	400	400
381	400	400
382	400	400
383	400	400
384	400	400
385	400	400
386	400	400
387	400	400
388	400	400
389	400	400
390	400	400
391	400	400
392	400	400
393	400	400
394	400	400
395	400	400
396	400	400
397	400	400
398	400	400
399	400	400
400	400	400
401	400	400
402	400	400
403	400	400
404	400	400
405	400	400
406	400	400
407	400	400
408	400	400
409	400	400
410	400	400
411	400	400
412	400	400
413	400	400
414	400	400
415	400	400
416	400	400
417	400	400
418	400	400
419	400	400
420	400	400
421	400	400
422	400	400
423	400	400
424	400	400
425	400	400
426	400	400
427	400	400
428	400	400
429	400	400
430	400	400
431	400	400
432	400	400
433	400	400
434	400	400
435	400	400
436	400	400
437	400	400
438	400	400
439	400	400
440	400	400
441	400	400
442	400	400
443	400	400
444	400	400
445	400	400
446	400	400
447	400	400
448	400	400
449	400	400
450	400	400
451	400	400
452	400	400
453	400	400
454	400	400
455	400	400
456	400	400
457	400	400
458	400	400
459	400	400
460	400	400
461	400	400
462	400	400
463	400	400
464	400	400
465	400	400
466	400	400
467	400	400
468	400	400
469	400	400
470	400	400
471	400	400
472	400	400
473	400	400
474	400	400
475	400	400
476	400	400
477	400	400
478	400	400
479	400	400
480	400	400
481	400	400
482	400	400
483	400	400
484	400	400
485	400	400
486	400	400
487	400	400
488	400	400
489	400	400
490	400	400
491	400	400
492	400	400
493	400	400
494	400	400
495	400	400
496	400	400
497	400	400
498	400	400
499	400	400
500	400	400
501	400	400
502	400	400
503	400	400
504	400	400
505	400	400
506	400	400
507	400	400
508	400	400
509	400	400
510	400	400
511	400	400
512	400	400
513	400	400
514	400	400
515	400	400
516	400	400
517	400	400
518	400	400
519	400	400
520	400	400
521	400	400
522	400	400
523	400	400
524	400	400
525	400	400
526	400	400
527	400	400
528	400	400
529	400	400
530	400	400
531	400	400
532	400	400
533	400	400
534	400	400
535	400	400
536	400	400
537	400	400
538	400	400
539	400	400
540	400	400
541	400	400
542	400	400
543	400	400
544	400	400
545	400	400
546	400	400
547	400	400
548	400	400
549	400	400
550	400	400
551	400	400
552	400	400
553	400	400
554	400	400
555	400	400
556	400	400
557	400	400
558	400	400
559	400	400
560	400	400
561	400	400
562	400	400
563	400	400
564	400	400
565	400	400
566	400	400
567	400	400
568	400	400
569	400	400
570	400	400
571	400	400
572	400	400
573	400	400
574	400	400
575	400	400
576	400	400
577	400	400
578	400	400
579	400	400
580	400	400
581	400	400
582	400	400
583	400	400
584	400	400
585	400	400
586	400	400
587	400	400
588	400	400
589	400	400
590	400	400
591	400	400
592	400	400
593	400	400
594	400	400
595	400	400
596	400	400
597	400	400
598	400	400
599	400	400
600	400	400
601	400	400
602	400	400
603	400	400
604	400	400
605	400	400
606	400	400
607	400	400
608	400	400
609	400	400
610	400	400
611	400	400
612	400	400
613	400	400
614	400	400
615	400	400
616	400	400
617	400	400
618	400	400
619	400	400
620	400	400
621	400	400
622	400	400
623	400	400
624	400	400
625	400	400
626	400	400
627	400	400
628	400	400
629	400	400
630	400	400
631	400	400
632	400	400
633	400	400
634	400	400
635	400	400
636	400	400
637	400	400
638	400	400
639	400	400
640	400	400
641	400	400
642	400	400
643	400	400
644	400	400
645	400	400
646	400	400
647	400	400
648	400	400
649	400	400
650	400	400
651	400	400
652	400	400
653	400	400
654	400	400
655	400	400
656	400	400
657	400	400
658	400	400
659	400	400
660	400	400
661	400	400
662	400	400
663	400	400
664	400	400
665	400	400
666	400	400
667	400	400
668	400	400
669	400	400
670	400	400
671	400	400
672	400	400
673	400	400
674	400	400
675	400	400
676	400	400
677	400	400
678	400	400
679	400	400
680	400	400
681	400	400
682	400	400
683	400	400
684	400	400
685	400	400
686	400	400
687	400	400
688	400	400
689	400	400
690	400	400
691	400	400
692	400	400
693	400	400
694	400	400
695	400	400
696	400	400
697	400	400
698	400	400
699	400	400
700	400	400
701	400	400
702	400	400
703	400	400
704	400	400
705	400	400
706	400	400
707	400	400
708	400	400
709	400	400
710	400	400
711	400	400
712	400	400
713	400	400
714	400	400
715	400	400
716	400	400
717	400	400
718	400	400
719	400	400
720	400	400
721	400	400
722	400	400
723	400	400
724	400	400
725	400	400
726	400	400
727	400	400
728	400	400
729	400	400
730	400	400
731	400	400
732	400	400
733	400	400
734	400	400
735	400	400
736	400	400
737	400	400
738	400	400
739	400	400
740	400	400
741	400	400
742	400	400
743	400	400
744	400	400
745	400	400
746	400	400
747	400	400
748	400	400
749	400	400
750	400	400
751	400	400
752	400	400
753	400	400
754	400	400
755	400	400
756	400	400
757	400	400
758	400	400
759	400	400
760	400	400
761	400	400
762	400	400
763	400	400
764	400	400
765	400	400
766	400	400
767	400	400
768	400	400
769	400	400
770	400	400
771	400	400
772	400	400
773	400	400
774	400	400
775	400	400
776	400	400
777	400	400
778	400	400
779	400	400
780	400	400
781	400	400
782	400	400
783	400	400
784	400	400
785	400	400
786	400	400
787	400	400
788	400	400
789	400	400
790	400	400
791	400	400
792	400	400
793	400	400
794	400	400
795	400	400
796	400	400
797	400	400
798	400	400
799	400	400
800	400	400
801	400	400
802	400	400
803	400	400
804	400	400
805	400	400
806	400	400
807	400	400
808	400	400
809	400	400
810	400	400
811	400	400
812	400	400
813	400	400
814	400	400
815	400	400
816	400	400
817	400	400
818	400	400
819	400	400
820	400	400
821	400	400
822	400	400
823	400	400
824	400	400
825	400	400
826	400	400
827	400	400
828	400	400
829	400	400
830	400	400
831	400	400
832	400	400
833	400	400
834	400	400
835	400	400
836	400	400
837	400	400
838	400	400
839	400	400
840	400	400
841	400	400
842	400	400
843	400	400
844	400	400
845	400	400
846	400	400
847	400	400
848	400	400
849	400	400
850	400	400
851	400	400
852	400	400
853	400	400
854	400	400
855	400	400
856	400	400
857	400	400
858	400	400
859	400	400
860	400	400
861	400	400
862	400	400
863	400	400
864	400	400
865	400	400
866	400	400
867	400	400
868	400	400
869	400	400
870	400	400
871	400	400
872	400	400
873	400	400
874	400	400
875	400	400
876	400	400
877	400	400
878	400	400
879	400	400
880	400	400
881	400	400
882	400	400
883	400	400
884	400	400
885	400	400
886	400	400
887	400	400
888	400	400
889	400	400
890	400	400
891	400	400
892	400	400
893	400	400
894	400	400
895	400	400
896	400	400
897	400	400
898	400	400
899	400	400
900	400	400
901	400	400
902	400	400
903	400	400
904	400	400
905	400	400
906	400	400
907	400	400
908	400	400
909	400	400
910	400	400
911	400	400
912	400	400
913	400	400
914	400	400
915	400	400
916	400	400
917	400	400
918	400	400
919	400	400
920	400	400
921	400	400
922	400	400
923	400	400
924	400	400
925	400	400
926	400	400
927	400	400
928	400	400
929	400	400
930	400	400
931	400	400
932	400	400
933	400	400
934	400	400
935	400	400
936	400	400
937	400	400
938	400	400
939	400	400
940	400	400
941	400	400
942	400	400
943	400	400
944	400	400
945	400	400
946	400	400
947	400	400
948	400	400
949	400	400
950	400	400
951	400	400
952	400	400
953	400	400
954	400	400
955	400	400
956	400	400
957	400	400
958	400	400
959	400	400
960	400	400
961	400	400
962	400	400
963	400	400
964	400	400
965	400	400
966	400	400
967	400	400
968	400	400
969	400	400
970	400	400
971	400	400
972	400	400
973	400	400
974	400	400
975	400	400
976	400	400
977	400	400
978	400	400
979	400	400
980	400	400
981	400	400
982	400	400
983	400	400
984	400	400
985	400	400
986	400	400
987	400	400
988	400	400
989	400	400
990	400	400
991	400	400
992	400	400
993	400	400
994	400	400
995	400	400
996	400	400
997	400	400
998	400	400
999	400	400
1000	400	400
1001	404	400
1002	408	400
1003	412	400
1004	416	400
1005	420	400
1006	424	400
1007	428	400
1008	432	400
1009	436	400
1010	440	400
1011	444	400
1012	448	400
1013	452	400
1014	456	400
1015	460	400
1016	464	400
1017	468	400
1018	472	400
1019	476	400
1020	480	400
1021	484	400
1022	488	400
1023	492	400
1024	496	400
1025	500	400
1026	504	400
1027	508	400
1028	512	400
1029	516	400
1030	520	400
1031	524	400
1032	528	400
1033	532	400
1034	536	400
1035	540	400
1036	544	400
1037	548	400
1038	552	400
1039	556	400
1040	560	400
1041	564	400
1042	568	400
1043	572	400
1044	576	400
1045	580	400
1046	584	400
1047	588	400
1048	592	400
1049	596	400
1050	600	400
1051	604	400
1052	608	400
1053	612	400
1054	616	400
1055	620	400
1056	624	400
1057	628	400
1058	632	400
1059	636	400
1060	640	400
1061	644	400
1062	648	400
1063	652	400
1064	656	400
1065	660	400
1066	664	400
1067	668	400
1068	672	400
1069	676	400
1070	680	400
1071	684	400
1072	688	400
1073	692	400
1074	696	400
1075	700	400
1076	704	400
1077	708	400
1078	712	400
1079	716	400
1080	720	400
1081	724	400
1082	728	400
1083	732	400
1084	736	400
1085	740	400
1086	744	400
1087	748	400
1088	752	400
1089	756	400
1090	760	400
1091	764	400
1092	768	400
1093	772	400
1094	776	400
1095	780	400
1096	784	400
1097	788	400
1098	792	400
1099	796	400
1100	800	400
1101	804	400
1102	808	400
1103	812	400
1104	816	400
1105	820	400
1106	824	400
1107	828	400
1108	832	400
1109	836	400
1110	840	400
1111	844	400
1112	848	400
1113	852	400
1114	856	400
1115	860	400
1116	864	400
1117	868	400
1118	872	400
1119	876	400
1120	880	400
1121	884	400
1122	888	400
1123	892	400
1124	896	400
1125	900	400
1126	904	400
1127	908	400
1128	912	400
1129	916	400
1130	920	400
1131	924	400
1132	928	400
1133	932	400
1134	936	400
1135	940	400
1136	944	400
1137	948	400
1138	952	400
1139	956	400
1140	960	400
1141	964	400
1142	968	400
1143	972	400
1144	976	400
1145	980	400
1146	984	400
1147	988	400
1148	992	400
1149	996	400
1150	1000	400
1151	1004	400
1152	1008	400
1153	1012	400
1154	1016	400
1155	1020	400
1156	1024	400
1157	1028	400
1158	1032	400
1159	1036	400
1160	1040	400
1161	1044	400
1162	1048	400
1163	1052	400
1164	1056	400
1165	1060	400
1166	1064	400
1167	1068	400
1168	1072	400
1169	1076	400
1170	1080	400
1171	1084	400
1172	1088	400
1173	1092	400
1174	1096	400
1175	1100	400
1176	1104	400
1177	1108	400
1178	1112	400
1179	1116	400
1180	1120	400
1181	1124	400
1182	1128	400
1183	1132	400
1184	1136	400
1185	1140	400
1186	1144	400
1187	1148	400
1188	1152	400
1189	1156	400
1190	1160	400
1191	1164	400
1192	1168	400
1193	1172	400
1194	1176	400
1195	1180	400
1196	1184	400
1197	1188	400
1198	1192	400
1199	1196	400
1200	1200	400
1201	1204	400
1202	1208	400
1203	1212	400
1204	1216	400
1205	1220	400
1206	1224	400
1207	1228	400
1208	1232	400
1209	1236	400
1210	1240	400
1211	1244	400
1212	1248	400
1213	1252	400
1214	1256	400
1215	1260	400
1216	1264	400
1217	1268	400
1218	1272	400
1219	1276	400
1220	1280	400
1221	1284	400
1222	1288	400
1223	1292	400
1224	1296	400
1225	1300	400
1226	1304	400
1227	1308	400
1228	1312	400
1229	1316	400
1230	1320	400
1231	1324	400
1232	1328	400
1233	1332	400
1234	1336	400
1235	1340	400
1236	1344	400
1237	1348	400
1238	1352	400
1239	1356	400
1240	1360	400
1241	1364	400
1242	1368	400
1243	1372	400
1244	1376	400
1245	1380	400
1246	1384	400
1247	1388	400
1248	1392	400
1249	1396	400
1250	1400	400
1251	1404	400
1252	1408	400
1253	1412	400
1254	1416	400
1255	1420	400
1256	1424	400
1257	1428	400
1258	1432	400
1259	1436	400
1260	1440	400
1261	1444	400
1262	1448	400
1263	1452	400
1264	1456	400
1265	1460	400
1266	1464	400
1267	1468	400
1268	1472	400
1269	1476	400
1270	1480	400
1271	1484	400
1272	1488	400
1273	1492	400
1274	1496	400
1275	1500	400
1276	1504	400
1277	1508	400
1278	1512	400
1279	1516	400
1280	1520	400
1281	1524	400
1282	1528	400
1283	1532	400
1284	1536	400
1285	1540	400
1286	1544	400
1287	1548	400
1288	1552	400
1289	1556	400
1290	1560	400
1291	1564	400
1292	1568	400
1293	1572	400
1294	1576	400
1295	1580	400
1296	1584	400
1297	1588	400
1298	1592	400
1299	1596	400
1300	1600	400
1301	1604	400
1302	1608	400
1303	1612	400
1304	1616	400
1305	1620	400
1306	1624	400
1307	1628	400
1308	1632	400
1309	1636	400
1310	1640	400
1311	1644	400
1312	1648	400
1313	1652	400
1314	1656	400
1315	1660	400
1316	1664	400
1317	1668	400
1318	1672	400
1319	1676	400
1320	1680	400
1321	1684	400
1322	1688	400
1323	1692	400
1324	1696	400
1325	1700	400
1326	1704	400
1327	1708	400
1328	1712	400
1329	1716	400
1330	1720	400
1331	1724	400
1332	1728	400
1333	1732	400
1334	1736	400
1335	1740	400
1336	1744	400
1337	1748	400
1338	1752	400
1339	1756	400
1340	1760	400
1341	1764	400
1342	1768	400
1343	1772	400
1344	1776	400
1345	1780	400
1346	1784	400
1347	1788	400
1348	1792	400
1349	1796	400
1350	1800	400
1351	1804	400
1352	1808	400
1353	1812	400
1354	1816	400
1355	1820	400
1356	1824	400
1357	1828	400
1358	1832	400
1359	1836	400
1360	1840	400
1361	1844	400
1362	1848	400
1363	1852	400
1364	1856	400
1365	1860	400
1366	1864	400
1367	1868	400
1368	1872	400
1369	1876	400
1370	1880	400
1371	1884	400
1372	1888	400
1373	1892	400
1374	1896	400
1375	1900	400
1376	1904	400
1377	1908	400
1378	1912	400
1379	1916	400
1380	1920	400
1381	1924	400
1382	1928	400
1383	1932	400
1384	1936	400
1385	1940	400
1386	1944	400
1387	1948	400
1388	1952	400
1389	1956	400
1390	1960	400
1391	1964	400
1392	1968	400
1393	1972	400
1394	1976	400
1395	1980	400
1396	1984	400
1397	1988	400
1398	1992	400
1399	1996	400
1400	2000	400
1401	2004	404
1402	2008	408
1403	2012	412
1404	2016	416
1405	2020	420
1406	2024	424
1407	2028	428
1408	2032	432
1409	2036	436
1410	2040	440
1411	2044	444
1412	2048	448
1413	2052	452
1414	2056	456
1415	2060	460
1416	2064	464
1417	2068	468
1418	2072	472
1419	2076	476
1420	2080	480
1421	2084	484
1422	2088	488
1423	2092	492
1424	2096	496
1425	2100	500
1426	2104	504
1427	2108	508
1428	2112	512
1429	2116	516
1430	2120	520
1431	2124	524
1432	2128	528
1433	2132	532
1434	2136	536
1435	2140	540
1436	2144	544
1437	2148	548
1438	2152	552
1439	2156	556
1440	2160	560
1441	2164	564
1442	2168	568
1443	2172	572
1444	2176	576
1445	2180	580
1446	2184	584
1447	2188	588
1448	2192	592
1449	2196	596
1450	2200	600
1451	2204	604
1452	2208	608
1453	2212	612
1454	2216	616
1455	2220	620
1456	2224	624
1457	2228	628
1458	2232	632
1459	2236	636
1460	2240	640
1461	2244	644
1462	2248	648
1463	2252	652
1464	2256	656
1465	2260	660
1466	2264	664
1467	2268	668
1468	2272	672
1469	2276	676
1470	2280	680
1471	2284	684
1472	2288	688
1473	2292	692
1474	2296	696
1475	2300	700
1476	2304	704
1477	2308	708
1478	2312	712
1479	2316	716
1480	2320	720
1481	2324	724
1482	2328	728
1483	2332	732
1484	2336	736
1485	2340	740
1486	2344	744
1487	2348	748
1488	2352	752
1489	2356	756
1490	2360	760
1491	2364	764
1492	2368	768
1493	2372	772
1494	2376	776
1495	2380	780
1496	2384	784
1497	2388	788
1498	2392	792
1499	2396	796
1500	2400	800
1501	2404	804
1502	2408	808
1503	2412	812
1504	2416	816
1505	2420	820
1506	2424	824
1507	2428	828
1508	2432	832
1509	2436	836
1510	2440	840
1511	2444	844
1512	2448	848
1513	2452	852
1514	2456	856
1515	2460	860
1516	2464	864
1517	2468	868
1518	2472	872
1519	2476	876
1520	2480	880
1521	2484	884
1522	2488	888
1523	2492	892
1524	2496	896
1525	2500	900
1526	2504	904
1527	2508	908
1528	2512	912
1529	2516	916
1530	2520	920
1531	2524	924
1532	2528	928
1533	2532	932
1534	2536	936
1535	2540	940
1536	2544	944
1537	2548	948
1538	2552	952
1539	2556	956
1540	2560	960
1541	2564	964
1542	2568	968
1543	2572	972
1544	2576	976
1545	2580	980
1546	2584	984
1547	2588	988
1548	2592	992
1549	2596	996
1550	2600	1000
1551	2604	1004
1552	2608	1008
1553	2612	1012
1554	2616	1016
1555	2620	1020
1556	2624	1024
1557	2628	1028
1558	2632	1032
1559	2636	1036
1560	2640	1040
1561	2644	1044
1562	2648	1048
1563	2652	1052
1564	2656	1056
1565	2660	1060
1566	2664	1064
1567	2668	1068
1568	2672	1072
1569	2676	1076
1570	2680	1080
1571	2684	1084
1572	2688	1088
1573	2692	1092
1574	2696	1096
1575	2700	1100
1576	2704	1104
1577	2708	1108
1578	2712	1112
1579	2716	1116
1580	2720	1120
1581	2724	1124
1582	2728	1128
1583	2732	1132
1584	2736	1136
1585	2740	1140
1586	2744	1144
1587	2748	1148
1588	2752	1152
1589	2756	1156
1590	2760	1160
1591	2764	1164
1592	2768	1168
1593	2772	1172
1594	2776	1176
1595	2780	1180
1596	2784	1184
1597	2788	1188
1598	2792	1192
1599	2796	1196
1600	2800	1200
1601	2804	1204
1602	2808	1208
1603	2812	1212
1604	2816	1216
1605	2820	1220
1606	2824	1224
1607	2828	1228
1608	2832	1232
1609	2836	1236
1610	2840	1240
1611	2844	1244
1612	2848	1248
1613	2852	1252
1614	2856	1256
1615	2860	1260
1616	2864	1264
1617	2868	1268
1618	2872	1272
1619	2876	1276
1620	2880	1280
1621	2884	1284
1622	2888	1288
1623	2892	1292
1624	2896	1296
1625	2900	1300
1626	2904	1304
1627	2908	1308
1628	2912	1312
1629	2916	1316
1630	2920	1320
1631	2924	1324
1632	2928	1328
1633	2932	1332
1634	2936	1336
1635	2940	1340
1636	2944	1344
1637	2948	1348
1638	2952	1352
1639	2956	1356
1640	2960	1360
1641	2964	1364
1642	2968	1368
1643	2972	1372
1644	2976	1376
1645	2980	1380
1646	2984	1384
1647	2988	1388
1648	2992	1392
1649	2996	1396
1650	3000	1400
1651	3004	1404
1652	3008	1408
1653	3012	1412
1654	3016	1416
1655	3020	1420
1656	3024	1424
1657	3028	1428
1658	3032	1432
1659	3036	1436
1660	3040	1440
1661	3044	1444
1662	3048	1448
1663	3052	1452
1664	3056	1456
1665	3060	1460
1666	3064	1464
1667	3068	1468
1668	3072	1472
1669	3076	1476
1670	3080	1480
1671	3084	1484
1672	3088	1488
1673	3092	1492
1674	3096	1496
1675	3100	1500
1676	3104	1504
1677	3108	1508
1678	3112	1512
1679	3116	1516
1680	3120	1520
1681	3124	1524
1682	3128	1528
1683	3132	1532
1684	3136	1536
1685	3140	1540
1686	3144	1544
1687	3148	1548
1688	3152	1552
1689	3156	1556
1690	3160	1560
1691	3164	1564
1692	3168	1568
1693	3172	1572
1694	3176	1576
1695	3180	1580
1696	3184	1584
1697	3188	1588
1698	3192	1592
1699	3196	1596
1700	3200	1600
1701	3204	1604
1702	3208	1608
1703	3212	1612
1704	3216	1616
1705	3220	1620
1706	3224	1624
1707	3228	1628
1708	3232	1632
1709	3236	1636
1710	3240	1640
1711	3244	1644
1712	3248	1648
1713	3252	1652
1714	3256	1656
1715	3260	1660
1716	3264	1664
1717	3268	1668
1718	3272	1672
1719	3276	1676
1720	3280	1680
1721	3284	1684
1722	3288	1688
1723	3292	1692
1724	3296	1696
1725	3300	1700
1726	3304	1704
1727	3308	1708
1728	3312	1712
1729	3316	1716
1730	3320	1720
1731	3324	1724
1732	3328	1728
1733	3332	1732
1734	3336	1736
1735	3340	1740
1736	3344	1744
1737	3348	1748
1738	3352	1752
1739	3356	1756
1740	3360	1760
1741	3364	1764
1742	3368	1768
1743	3372	1772
1744	3376	1776
1745	3380	1780
1746	3384	1784
1747	3388	1788
1748	3392	1792
1749	3396	1796
1750	3400	1800
1751	3404	1804
1752	3408	1808
1753	3412	1812
1754	3416	1816
1755	3420	1820
1756	3424	1824
1757	3428	1828
1758	3432	1832
1759	3436	1836
1760	3440	1840
1761	3444	1844
1762	3448	1848
1763	3452	1852
1764	3456	1856
1765	3460	1860
1766	3464	1864
1767	3468	1868
1768	3472	1872
1769	3476	1876
1770	3480	1880
1771	3484	1884
1772	3488	1888
1773	3492	1892
1774	3496	1896
1775	3500	1900
1776	3504	1904
1777	3508	1908
1778	3512	1912
1779	3516	1916
1780	3520	1920
1781	3524	1924
1782	3528	1928
1783	3532	1932
1784	3536	1936
1785	3540	1940
1786	3544	1944
1787	3548	1948
1788	3552	1952
1789	3556	1956
1790	3560	1960
1791	3564	1964
1792	3568	1968
1793	3572	1972
1794	3576	1976
1795	3580	1980
1796	3584	1984
1797	3588	1988
1798	3592	1992
1799	3596	1996
1800	3600	2000
1801	3604	2004
1802	3608	2008
1803	3612	2012
1804	3616	2016
1805	3620	2020
1806	3624	2024
1807	3628	2028
1808	3632	2032
1809	3636	2036
1810	3640	2040
1811	3644	2044
1812	3648	2048
1813	3652	2052
1814	3656	2056
1815	3660	2060
1816	3664	2064
1817	3668	2068
1818	3672	2072
1819	3676	2076
1820	3680	2080
1821	3684	2084
1822	3688	2088
1823	3692	2092
1824	3696	2096
1825	3700	2100
1826	3704	2104
1827	3708	2108
1828	3712	2112
1829	3716	2116
1830	3720	2120
1831	3724	2124
1832	3728	2128
1833	3732	2132
1834	3736	2136
1835	3740	2140
1836	3744	2144
1837	3748	2148
1838	3752	2152
1839	3756	2156
1840	3760	2160
1841	3764	2164
1842	3768	2168
1843	3772	2172
1844	3776	2176
1845	3780	2180
1846	3784	2184
1847	3788	2188
1848	3792	2192
1849	3796	2196
1850	3800	2200
1851	3804	2204
1852	3808	2208
1853	3812	2212
1854	3816	2216
1855	3820	2220
1856	3824	2224
1857	3828	2228
1858	3832	2232
1859	3836	2236
1860	3840	2240
1861	3844	2244
1862	3848	2248
1863	3852	2252
1864	3856	2256
1865	3860	2260
1866	3864	2264
1867	3868	2268
1868	3872	2272
1869	3876	2276
1870	3880	2280
1871	3884	2284
1872	3888	2288
1873	3892	2292
1874	3896	2296
1875	3900	2300
1876	3904	2304
1877	3908	2308
1878	3912	2312
1879	3916	2316
1880	3920	2320
1881	3924	2324
1882	3928	2328
1883	3932	2332
1884	3936	2336
1885	3940	2340
1886	3944	2344
1887	3948	2348
1888	3952	2352
1889	3956	2356
1890	3960	2360
1891	3964	2364
1892	3968	2368
1893	3972	2372
1894	3976	2376
1895	3980	2380
1896	3984	2384
1897	3988	2388
1898	3992	2392
1899	3996	2396
1900	4000	2400
1901	4004	2404
1902	4008	2408
1903	4012	2412
1904	4016	2416
1905	4020	2420
1906	4024	2424
1907	4028	2428
1908	4032	2432
1909	4036	2436
1910	4040	2440
1911	4044	2444
1912	4048	2448
1913	4052	2452
1914	4056	2456
1915	4060	2460
1916	4064	2464
1917	4068	2468
1918	4072	2472
1919	4076	2476
1920	4080	2480
1921	4084	2484
1922	4088	2488
1923	4092	2492
1924	4096	2496
1925	4100	2500
1926	4104	2504
1927	4108	2508
1928	4112	2512
1929	4116	2516
1930	4120	2520
1931	4124	2524
1932	4128	2528
1933	4132	2532
1934	4136	2536
1935	4140	2540
1936	4144	2544
1937	4148	2548
1938	4152	2552
1939	4156	2556
1940	4160	2560
1941	4164	2564
1942	4168	2568
1943	4172	2572
1944	4176	2576
1945	4180	2580
1946	4184	2584
1947	4188	2588
1948	4192	2592
1949	4196	2596
1950	4200	2600
1951	4204	2604
1952	4208	2608
1953	4212	2612
1954	4216	2616
1955	4220	2620
1956	4224	2624
1957	4228	2628
1958	4232	2632
1959	4236	2636
1960	4240	2640
1961	4244	2644
1962	4248	2648
1963	4252	2652
1964	4256	2656
1965	4260	2660
1966	4264	2664
1967	4268	2668
1968	4272	2672
1969	4276	2676
1970	4280	2680
1971	4284	2684
1972	4288	2688
1973	4292	2692
1974	4296	2696
1975	4300	2700
1976	4304	2704
1977	4308	2708
1978	4312	2712
1979	4316	2716
1980	4320	2720
1981	4324	2724
1982	4328	2728
1983	4332	2732
1984	4336	2736
1985	4340	2740
1986	4344	2744
1987	4348	2748
1988	4352	2752
1989	4356	2756
1990	4360	2760
1991	4364	2764
1992	4368	2768
1993	4372	2772
1994	4376	2776
1995	4380	2780
1996	4384	2784
1997	4388	2788
1998	4392	2792
1999	4396	2796
2000	5000	2800
2001	5000	2804
2002	5000	2808
2003	5000	2812
2004	5000	2816
2005	5000	2820
2006	5000	2824
2007	5000	2828
2008	5000	2832
2009	5000	2836
2010	5000	2840
2011	5000	2844
2012	5000	2848
2013	5000	2852
2014	5000	2856
2015	5000	2860
2016	5000	2864
2017	5000	2868
2018	5000	2872
2019	5000	2876
2020	5000	2880
2021	5000	2884
2022	5000	2888
2023	5000	2892
2024	5000	2896
2025	5000	2900
2026	5000	2904
2027	5000	2908
2028	5000	2912
2029	5000	2916
2030	5000	2920
2031	5000	2924
2032	5000	2928
2033	5000	2932
2034	5000	2936
2035	5000	2940
2036	5000	2944
2037	5000	2948
2038	5000	2952
2039	5000	2956
2040	5000	2960
2041	5000	2964
2042	5000	2968
2043	5000	2972
2044	5000	2976
2045	5000	2980
2046	5000	2984
2047	5000	2988
2048	5000	2992
2049	5000	2996
2050	5000	3000
2051	5000	3004
2052	5000	3008
2053	5000	3012
2054	5000	3016
2055	5000	3020
2056	5000	3024
2057	5000	3028
2058	5000	3032
2059	5000	3036
2060	5000	3040
2061	5000	3044
2062	5000	3048
2063	5000	3052
2064	5000	3056
2065	5000	3060
2066	5000	3064
2067	5000	3068
2068	5000	3072
2069	5000	3076
2070	5000	3080
2071	5000	3084
2072	5000	3088
2073	5000	3092
2074	5000	3096
2075	5000	3100
2076	5000	3104
2077	5000	3108
2078	5000	3112
2079	5000	3116
2080	5000	3120
2081	5000	3124
2082	5000	3128
2083	5000	3132
2084	5000	3136
2085	5000	3140
2086	5000	3144
2087	5000	3148
2088	5000	3152
2089	5000	3156
2090	5000	3160
2091	5000	3164
2092	5000	3168
2093	5000	3172
2094	5000	3176
2095	5000	3180
2096	5000	3184
2097	5000	3188
2098	5000	3192
2099	5000	3196
2100	5000	3200
2101	5000	3204
2102	5000	3208
2103	5000	3212
2104	5000	3216
2105	5000	3220
2106	5000	3224
2107	5000	3228
2108	5000	3232
2109	5000	3236
2110	5000	3240
2111	5000	3244
2112	5000	3248
2113	5000	3252
2114	5000	3256
2115	5000	3260
2116	5000	3264
2117	5000	3268
2118	5000	3272
2119	5000	3276
2120	5000	3280
2121	5000	3284
2122	5000	3288
2123	5000	3292
2124	5000	3296
2125	5000	3300
2126	5000	3304
2127	5000	3308
2128	5000	3312
2129	5000	3316
2130	5000	3320
2131	5000	3324
2132	5000	3328
2133	5000	3332
2134	5000	3336
2135	5000	3340
2136	5000	3344
2137	5000	3348
2138	5000	3352
2139	5000	3356
2140	5000	3360
2141	5000	3364
2142	5000	3368
2143	5000	3372
2144	5000	3376
2145	5000	3380
2146	5000	3384
2147	5000	3388
2148	5000	3392
2149	5000	3396
2150	5000	3400
2151	5000	3404
2152	5000	3408
2153	5000	3412
2154	5000	3416
2155	5000	3420
2156	5000	3424
2157	5000	3428
2158	5000	3432
2159	5000	3436
2160	5000	3440
2161	5000	3444
2162	5000	3448
2163	5000	3452
2164	5000	3456
2165	5000	3460
2166	5000	3464
2167	5000	3468
2168	5000	3472
2169	5000	3476
2170	5000	3480
2171	5000	3484
2172	5000	3488
2173	5000	3492
2174	5000	3496
2175	5000	3500
2176	5000	3504
2177	5000	3508
2178	5000	3512
2179	5000	3516
2180	5000	3520
2181	5000	3524
2182	5000	3528
2183	5000	3532
2184	5000	3536
2185	5000	3540
2186	5000	3544
2187	5000	3548
2188	5000	3552
2189	5000	3556
2190	5000	3560
2191	5000	3564
2192	5000	3568
2193	5000	3572
2194	5000	3576
2195	5000	3580
2196	5000	3584
2197	5000	3588
2198	5000	3592
2199	5000	3596
2200	5000	3600
2201	4955	3604
2202	4910	3608
2203	4865	3612
2204	4820	3616
2205	4775	3620
2206	4730	3624
2207	4685	3628
2208	4640	3632
2209	4595	3636
2210	4550	3640
2211	4505	3644
2212	4460	3648
2213	4415	3652
2214	4370	3656
2215	4325	3660
2216	4280	3664
2217	4235	3668
2218	4190	3672
2219	4145	3676
2220	4100	3680
2221	4055	3684
2222	4010	3688
2223	3965	3692
2224	3920	3696
2225	3875	3700
2226	3830	3704
2227	3785	3708
2228	3740	3712
2229	3695	3716
2230	3650	3720
2231	3605	3724
2232	3560	3728
2233	3515	3732
2234	3470	3736
2235	3425	3740
2236	3380	3744
2237	3335	3748
2238	3290	3752
2239	3245	3756
2240	3200	3760
2241	3155	3764
2242	3110	3768
2243	3065	3772
2244	3020	3776
2245	2975	3780
2246	2930	3784
2247	2885	3788
2248	2840	3792
2249	2795	3796
2250	2750	3800
2251	2705	3804
2252	2660	3808
2253	2615	3812
2254	2570	3816
2255	2525	3820
2256	2480	3824
2257	2435	3828
2258	2390	3832
2259	2345	3836
2260	2300	3840
2261	2255	3844
2262	2210	3848
2263	2165	3852
2264	2120	3856
2265	2075	3860
2266	2030	3864
2267	1985	3868
2268	1940	3872
2269	1895	3876
2270	1850	3880
2271	1805	3884
2272	1760	3888
2273	1715	3892
2274	1670	3896
2275	1625	3900
2276	1580	3904
2277	1535	3908
2278	1490	3912
2279	1445	3916
2280	1400	3920
2281	1355	3924
2282	1310	3928
2283	1265	3932
2284	1220	3936
2285	1175	3940
2286	1130	3944
2287	1085	3948
2288	1040	3952
2289	995	3956
2290	950	3960
2291	905	3964
2292	860	3968
2293	815	3972
2294	770	3976
2295	725	3980
2296	680	3984
2297	635	3988
2298	590	3992
2299	545	3996
2300	500	4000
2301	500	4004
2302	500	4008
2303	500	4012
2304	500	4016
2305	500	4020
2306	500	4024
2307	500	4028
2308	500	4032
2309	500	4036
2310	500	4040
2311	500	4044
2312	500	4048
2313	500	4052
2314	500	4056
2315	500	4060
2316	500	4064
2317	500	4068
2318	500	4072
2319	500	4076
2320	500	4080
2321	500	4084
2322	500	4088
2323	500	4092
2324	500	4096
2325	500	4100
2326	500	4104
2327	500	4108
2328	500	4112
2329	500	4116
2330	500	4120
2331	500	4124
2332	500	4128
2333	500	4132
2334	500	4136
2335	500	4140
2336	500	4144
2337	500	4148
2338	500	4152
2339	500	4156
2340	500	4160
2341	500	4164
2342	500	4168
2343	500	4172
2344	500	4176
2345	500	4180
2346	500	4184
2347	500	4188
2348	500	4192
2349	500	4196
2350	500	4200
2351	500	4204
2352	500	4208
2353	500	4212
2354	500	4216
2355	500	4220
2356	500	4224
2357	500	4228
2358	500	4232
2359	500	4236
2360	500	4240
2361	500	4244
2362	500	4248
2363	500	4252
2364	500	4256
2365	500	4260
2366	500	4264
2367	500	4268
2368	500	4272
2369	500	4276
2370	500	4280
2371	500	4284
2372	500	4288
2373	500	4292
2374	500	4296
2375	500	4300
2376	500	4304
2377	500	4308
2378	500	4312
2379	500	4316
2380	500	4320
2381	500	4324
2382	500	4328
2383	500	4332
2384	500	4336
2385	500	4340
2386	500	4344
2387	500	4348
2388	500	4352
2389	500	4356
2390	500	4360
2391	500	4364
2392	500	4368
2393	500	4372
2394	500	4376
2395	500	4380
2396	500	4384
2397	500	4388
2398	500	4392
2399	500	4396
2400	500	5000
2401	500	5000
2402	500	5000
2403	500	5000
2404	500	5000
2405	500	5000
2406	500	5000
2407	500	5000
2408	500	5000
2409	500	5000
2410	500	5000
2411	500	5000
2412	500	5000
2413	500	5000
2414	500	5000
2415	500	5000
2416	500	5000
2417	500	5000
2418	500	5000
2419	500	5000
2420	500	5000
2421	500	5000
2422	500	5000
2423	500	5000
2424	500	5000
2425	500	5000
2426	500	5000
2427	500	5000
2428	500	5000
2429	500	5000
2430	500	5000
2431	500	5000
2432	500	5000
2433	500	5000
2434	500	5000
2435	500	5000
2436	500	5000
2437	500	5000
2438	500	5000
2439	500	5000
2440	500	5000
2441	500	5000
2442	500	5000
2443	500	5000
2444	500	5000
2445	500	5000
2446	500	5000
2447	500	5000
2448	500	5000
2449	500	5000
2450	500	5000
2451	500	5000
2452	500	5000
2453	500	5000
2454	500	5000
2455	500	5000
2456	500	5000
2457	500	5000
2458	500	5000
2459	500	5000
2460	500	5000
2461	500	5000
2462	500	5000
2463	500	5000
2464	500	5000
2465	500	5000
2466	500	5000
2467	500	5000
2468	500	5000
2469	500	5000
2470	500	5000
2471	500	5000
2472	500	5000
2473	500	5000
2474	500	5000
2475	500	5000
2476	500	5000
2477	500	5000
2478	500	5000
2479	500	5000
2480	500	5000
2481	500	5000
2482	500	5000
2483	500	5000
2484	500	5000
2485	500	5000
2486	500	5000
2487	500	5000
2488	500	5000
2489	500	5000
2490	500	5000
2491	500	5000
2492	500	5000
2493	500	5000
2494	500	5000
2495	500	5000
2496	500	5000
2497	500	5000
2498	500	5000
2499	500	5000
2500	500	5000
2501	500	5000
2502	500	5000
2503	500	5000
2504	500	5000
2505	500	5000
2506	500	5000
2507	500	5000
2508	500	5000
2509	500	5000
2510	500	5000
2511	500	5000
2512	500	5000
2513	500	5000
2514	500	5000
2515	500	5000
2516	500	5000
2517	500	5000
2518	500	5000
2519	500	5000
2520	500	5000
2521	500	5000
2522	500	5000
2523	500	5000
2524	500	5000
2525	500	5000
2526	500	5000
2527	500	5000
2528	500	5000
2529	500	5000
2530	500	5000
2531	500	5000
2532	500	5000
2533	500	5000
2534	500	5000
2535	500	5000
2536	500	5000
2537	500	5000
2538	500	5000
2539	500	5000
2540	500	5000
2541	500	5000
2542	500	5000
2543	500	5000
2544	500	5000
2545	500	5000
2546	500	5000
2547	500	5000
2548	500	5000
2549	500	5000
2550	500	5000
2551	500	5000
2552	500	5000
2553	500	5000
2554	500	5000
2555	500	5000
2556	500	5000
2557	500	5000
2558	500	5000
2559	500	5000
2560	500	5000
2561	500	5000
2562	500	5000
2563	500	5000
2564	500	5000
2565	500	5000
2566	500	5000
2567	500	5000
2568	500	5000
2569	500	5000
2570	500	5000
2571	500	5000
2572	500	5000
2573	500	5000
2574	500	5000
2575	500	5000
2576	500	5000
2577	500	5000
2578	500	5000
2579	500	5000
2580	500	5000
2581	500	5000
2582	500	5000
2583	500	5000
2584	500	5000
2585	500	5000
2586	500	5000
2587	500	5000
2588	500	5000
2589	500	5000
2590	500	5000
2591	500	5000
2592	500	5000
2593	500	5000
2594	500	5000
2595	500	5000
2596	500	5000
2597	500	5000
2598	500	5000
2599	500	5000
2600	500	5000
2601	500	4955
2602	500	4910
2603	500	4865
2604	500	4820
2605	500	4775
2606	500	4730
2607	500	4685
2608	500	4640
2609	500	4595
2610	500	4550
2611	500	4505
2612	500	4460
2613	500	4415
2614	500	4370
2615	500	4325
2616	500	4280
2617	500	4235
2618	500	4190
2619	500	4145
2620	500	4100
2621	500	4055
2622	500	4010
2623	500	3965
2624	500	3920
2625	500	3875
2626	500	3830
2627	500	3785
2628	500	3740
2629	500	3695
2630	500	3650
2631	500	3605
2632	500	3560
2633	500	3515
2634	500	3470
2635	500	3425
2636	500	3380
2637	500	3335
2638	500	3290
2639	500	3245
2640	500	3200
2641	500	3155
2642	500	3110
2643	500	3065
2644	500	3020
2645	500	2975
2646	500	2930
2647	500	2885
2648	500	2840
2649	500	2795
2650	500	2750
2651	500	2705
2652	500	2660
2653	500	2615
2654	500	2570
2655	500	2525
2656	500	2480
2657	500	2435
2658	500	2390
2659	500	2345
2660	500	2300
2661	500	2255
2662	500	2210
2663	500	2165
2664	500	2120
2665	500	2075
2666	500	2030
2667	500	1985
2668	500	1940
2669	500	1895
2670	500	1850
2671	500	1805
2672	500	1760
2673	500	1715
2674	500	1670
2675	500	1625
2676	500	1580
2677	500	1535
2678	500	1490
2679	500	1445
2680	500	1400
2681	500	1355
2682	500	1310
2683	500	1265
2684	500	1220
2685	500	1175
2686	500	1130
2687	500	1085
2688	500	1040
2689	500	995
2690	500	950
2691	500	905
2692	500	860
2693	500	815
2694	500	770
2695	500	725
2696	500	680
2697	500	635
2698	500	590
2699	500	545
2700	500	500
2701	500	500
2702	500	500
2703	500	500
2704	500	500
2705	500	500
2706	500	500
2707	500	500
2708	500	500
2709	500	500
2710	500	500
2711	500	500
2712	500	500
2713	500	500
2714	500	500
2715	500	500
2716	500	500
2717	500	500
2718	500	500
2719	500	500
2720	500	500
2721	500	500
2722	500	500
2723	500	500
2724	500	500
2725	500	500
2726	500	500
2727	500	500
2728	500	500
2729	500	500
2730	500	500
2731	500	500
2732	500	500
2733	500	500
2734	500	500
2735	500	500
2736	500	500
2737	500	500
2738	500	500
2739	500	500
2740	500	500
2741	500	500
2742	500	500
2743	500	500
2744	500	500
2745	500	500
2746	500	500
2747	500	500
2748	500	500
2749	500	500
2750	500	500
2751	500	500
2752	500	500
2753	500	500
2754	500	500
2755	500	500
2756	500	500
2757	500	500
2758	500	500
2759	500	500
2760	500	500
2761	500	500
2762	500	500
2763	500	500
2764	500	500
2765	500	500
2766	500	500
2767	500	500
2768	500	500
2769	500	500
2770	500	500
2771	500	500
2772	500	500
2773	500	500
2774	500	500
2775	500	500
2776	500	500
2777	500	500
2778	500	500
2779	500	500
2780	500	500
2781	500	500
2782	500	500
2783	500	500
2784	500	500
2785	500	500
2786	500	500
2787	500	500
2788	500	500
2789	500	500
2790	500	500
2791	500	500
2792	500	500
2793	500	500
2794	500	500
2795	500	500
2796	500	500
2797	500	500
2798	500	500
2799	500	500
2800	500	500
2801	500	500
2802	500	500
2803	500	500
2804	500	500
2805	500	500
2806	500	500
2807	500	500
2808	500	500
2809	500	500
2810	500	500
2811	500	500
2812	500	500
2813	500	500
2814	500	500
2815	500	500
2816	500	500
2817	500	500
2818	500	500
2819	500	500
2820	500	500
2821	500	500
2822	500	500
2823	500	500
2824	500	500
2825	500	500
2826	500	500
2827	500	500
2828	500	500
2829	500	500
2830	500	500
2831	500	500
2832	500	500
2833	500	500
2834	500	500
2835	500	500
2836	500	500
2837	500	500
2838	500	500
2839	500	500
2840	500	500
2841	500	500
2842	500	500
2843	500	500
2844	500	500
2845	500	500
2846	500	500
2847	500	500
2848	500	500
2849	500	500
2850	500	500
2851	500	500
2852	500	500
2853	500	500
2854	500	500
2855	500	500
2856	500	500
2857	500	500
2858	500	500
2859	500	500
2860	500	500
2861	500	500
2862	500	500
2863	500	500
2864	500	500
2865	500	500
2866	500	500
2867	500	500
2868	500	500
2869	500	500
2870	500	500
2871	500	500
2872	500	500
2873	500	500
2874	500	500
2875	500	500
2876	500	500
2877	500	500
2878	500	500
2879	500	500
2880	500	500
2881	500	500
2882	500	500
2883	500	500
2884	500	500
2885	500	500
2886	500	500
2887	500	500
2888	500	500
2889	500	500
2890	500	500
2891	500	500
2892	500	500
2893	500	500
2894	500	500
2895	500	500
2896	500	500
2897	500	500
2898	500	500
2899	500	500
2900	500	500
2901	500	500
2902	500	500
2903	500	500
2904	500	500
2905	500	500
2906	500	500
2907	500	500
2908	500	500
2909	500	500
2910	500	500
2911	500	500
2912	500	500
2913	500	500
2914	500	500
2915	500	500
2916	500	500
2917	500	500
2918	500	500
2919	500	500
2920	500	500
2921	500	500
2922	500	500
2923	500	500
2924	500	500
2925	500	500
2926	500	500
2927	500	500
2928	500	500
2929	500	500
2930	500	500
2931	500	500
2932	500	500
2933	500	500
2934	500	500
2935	500	500
2936	500	500
2937	500	500
2938	500	500
2939	500	500
2940	500	500
2941	500	500
2942	500	500
2943	500	500
2944	500	500
2945	500	500
2946	500	500
2947	500	500
2948	500	500
2949	500	500
2950	500	500
2951	500	500
2952	500	500
2953	500	500
2954	500	500
2955	500	500
2956	500	500
2957	500	500
2958	500	500
2959	500	500
2960	500	500
2961	500	500
2962	500	500
2963	500	500
2964	500	500
2965	500	500
2966	500	500
2967	500	500
2968	500	500
2969	500	500
2970	500	500
2971	500	500
2972	500	500
2973	500	500
2974	500	500
2975	500	500
2976	500	500
2977	500	500
2978	500	500
2979	500	500
2980	500	500
2981	500	500
2982	500	500
2983	500	500
2984	500	500
2985	500	500
2986	500	500
2987	500	500
2988	500	500
2989	500	500
2990	500	500
2991	500	500
2992	500	500
2993	500	500
2994	500	500
2995	500	500
2996	500	500
2997	500	500
2998	500	500
2999	500	500
